1.7411561120528265 -4.045901028078818 -0.8135180243460796 1.9414265174647343 
1.1951716757489232 -1.311847097367043 0.2805167228578567 1.9283517781477726 
2.739630526047849 -2.541799401725923 0.43776999582788073 1.8478535365396176 
0.6392611737636332 -5.808316613407742 -2.245673286155135 2.13447456183227 
-1.1018722807702421 -3.275392983905621 -1.8497781986710133 2.0292147403044107 
2.255507828473255 0.6568373845607791 1.7950270401839368 2.207578936714768 
4.6173482365924565 -3.8370027922700674 0.7290271558281107 2.7715313091030955 
-0.04533610818545264 0.0035361668400852864 0.31795446299423485 2.7364151037178615 
1.2017514650067007 -2.756070801058326 -0.438305234358894 1.7538059696951178 
4.670502219378247 -1.124597132964749 2.1118069768736674 1.9715416853319894 
